0.001224183389867788
0.0014221506874160027
0.0035675264490756045
0.0026291459117080466
0.004144092371811959
0.0014898462630501537
0.005457000868565948
0.004742821688963114
0.006239307909626676
0.006900576919310849
0.0073476053379326845
0.0051644310760208725
0.006664074669337266
0.0075357758340412325
0.00848294905753324
0.008812945463444417
0.0117094567349519
0.015296466528672208
0.018624481370992124
0.03210342476859904
0.042412683940814336
0.05115278751783825
0.05720975606754561
0.06043347657513171
从某一层开始复用，后面层数的kv都等于当前层
