0.004526943730278778
0.00527882059447586
0.005722574803597629
0.0075379505656002965
0.0056875195301238825
0.005567715399429336
0.007846302212758584
0.006742341494199941
0.008781112522349055
0.008817733027280653
0.0029294279078858577
0.006751086928664421
0.012214557414315569
0.014879071621448367
0.010215611239434026
0.021815820238904472
0.039108043563834766
0.05603726601582351
0.07380607231667054
0.08426146261665024
0.09081250734245445
0.10429792850908813
0.10497768111678825
0.1089136370686953
0.11337300698354083
0.11003481192260907
0.115905130937813
0.11353935641561483
0.1135117838777439
0.11753719925461997
0.12247360223992254
0.12223066024036733
从某一层开始复用，后面层数的kv都等于当前层
